-101889593195744622
-10234221080903233
-10234725547449166
-10310696988128501
-10333657186851396
-103461942101729940
-104142621205586199
-10451707129953600
-104651503212762593
-1051086313079088
-105361387199605165
-105758499180483916
-106417733134789736
-11025440131551888
-1145699597209467
-1158053397641905
-1221002133469832
-12299006125085795
-12642726199954453
-131230197744959
-1319461392548924
-1388967693233129
-1425168149826835
-15080292202625850
-15778782124332590
-16007995163334251
-16095559175518178
-16277768201853340
-16954091159640632
-17430356141694709
-1784322577952292
-18179323160814887
-18226963197866476
-18562157167827878
-18686684154709649
-1945986026058284
-19485771168366142
-19665360148210462
-2080732169659869
-20817519112818564
-21228069105374351
-2124570924863354
-21287065172320779
-2133998678192202
-2153332538359850
-21736437137866308
-2212273711508266
-2268220620617840
-2275160635018706
-23797897140461786
-24182774203744737
-257176878614913
-26029833130989740
-2727691960839202
-2840321381342671
-28850436210552816
-29045667151925792
-2952261266043490
-29815658164026313
-29946543151537742
-3007003760543423
-3085636132347609
-3108641393657255
-31304191599521
-31494183206308739
-31531876151110971
-315484375600487
-3174546872057439
-3175877126637642
-32049226128340060
-32560447173517911
-3271539392992822
-33025198141891978
-3342596077562208
-33431287210348996
-3395795664631244
-34321050141796771
-3455213658576548
-3465320744627564
-34792399104423355
-34862239187356390
-35045975201264603
-35060838149098801
-35199492127195051
-35249292101345079
-3530123878334630
-35640469185246031
-36968819122130413
-37026243121878430
-3766224622641800
-37785078129030470
-378837396167658
-3838287274649635
-38410339162250019
-38776912163952004
-4047373221704350
-4058285263735350
-4063202412293642
-4071744674545863
-40935100123530887
-41112576193858203
-4132665145813622
-41445956104770511
-41526404145192890
-41667560211143782
-4169039115935033
-4178902379487935
-42452203161494667
-42897443120872206
-430277287965650
-43255707123485242
-43344869168379475
-43491832133972989
-4370744691117233
-43990369169635449
-44100539106198634
-44301689196562406
-4530787153175354
-4533895872892689
-45661711132605083
-457861622113867
-46045869146143591
-4709913937816332
-4727044638245516
-47356034144438153
-47405416136137551
-4777143170215921
-4804117047782001
-48765236169076760
-48895594123983692
-4901907019878396
-5116252556595312
-5154067635858711
-51757850204494955
-51815253164990834
-524490443508808
-5250734726525414
-5264208557722402
-53074917120516766
-53102696163635269
-54067138148025345
-5409828867122403
-5420931332383096
-54310692168796488
-54605499214110886
-5489288588377948
-553872842685130
-55512818157891961
-5552057233004262
-5553812170504574
-556652372234871
-55819000120597832
-5590175254646458
-559081218598528
-5603896551067982
-56442118204131253
-57071775143358867
-5738342872254390
-57427591153091745
-57468661185387080
-5755101056886868
-57732117189691029
-5786513272830532
-58704035165707105
-5919362998522005
-60180910135826388
-6051348037059350
-6069164398850959
-60824628201994696
-61235896190749913
-613762631776546
-61494936120005403
-6316433271930092
-63386438189169149
-63801044209819006
-6394357106445826
-64592601205133764
-6460339926511384
-6466479342162519
-6488749444380913
-65197962143482233
-65498988106251024
-65756686131235045
-6649246646077956
-66735635209305671
-66793190128641761
-681329651615480
-70697134125038763
-70803370174642981
-70989678146724148
-7106499073575381
-7157963742358126
-72030601214124822
-72082479133841767
-72400967138661448
-72544126194422740
-72577317113294180
-7259772955295969
-7266625765593156
-73380538100200918
-73914297162645226
-74007477194642941
-74033091125584591
-7420152739539637
-75460101103530266
-75913155126775951
-7719754534416116
-7765905699369496
-77765032167083438
-779085030760061
-78000859126368058
-78292833188851738
-78857021155945773
-79444556211593680
-79781393192459088
-81411679171424293
-8141710960632445
-81538564141087644
-8216052623004959
-8246391150836051
-82739169202936497
-8291535678315181
-84322607121172895
-8445953483741985
-84469929177915858
-8455888025381745
-8472668186271245
-84816033119249140
-85847371170247458
-8602172936734534
-8625828876661828
-873934263916195
-8774505320366729
-87755317206819285
-8798896163938228
-8827303101164453
-88472988116517129
-88735135555188
-89535305105978555
-8970808434914172
-9010915383273451
-9096880634185423
-91113201173019563
-91121534101114861
-91398360142997499
-91544802167010959
-9164807100625716
-9181546297405233
-9188389860977835
-91905196206426419
-91907154152964612
-9340844216200742
-94055745195646002
-9438915483943230
-94405000169758831
-94909898165568234
-9519109972178611
-9522779489052570
-9547067291656372
-964719458030678
-968633726566092
-970917635875382
-97546793157524699
-9789607872482825
-982183979826234
-9847254040823009
-98561174197889445
10033544840731274
100465864162056788
10050528050060089
10110681961565834
101571367179586565
101708151208313969
101738698195446145
102243779193394851
1028731887465695
10346764378482915
103491985174098803
10402001581872476
104172284182307094
104654486191030769
1047818917821302
104931686129854363
105242892203914398
10548113488081741
105489717166223849
107349961123032263
1103371642176407
11065021143131398
1155927925107625
12061146172958360
12598555199787281
12935207104254160
13150951201167246
13323171191699130
14091118778760
1422473144953269
14231743102597792
14382487198474686
1446591350291789
1462317488951483
148961126577670
14992347152649764
1510532842674793
15168293135976771
1524418494420369
154102825333184
1551674012705189
15654503142207692
1655940150099642
16772952161612585
1720454174447185
17210298132952098
17582315157740574
1812020175980923
18148261189922237
18252938164428001
18702887190948042
1874801639655453
19269113140876068
19642228156903804
1971243766433517
20174427169387802
20672486141595277
2119337550577124
21739482143854904
21804516135251682
21965956184257469
2387994273960108
2523744596981136
25762424121462081
2589559354466271
26000275165530950
2609069738447319
2739168944145437
27500286125861367
27669760207256401
2799652787535702
28204892100790341
28408158162749842
2847488818621365
2868615668375126
29328370152711004
29400170100479605
30111868125808287
3033692340944986
31193366146847993
31200605132406177
31745072163056028
3221074184065080
3224427236896674
32261563115032881
3226497172413119
3442459016537352
3461370054794093
3541070096728143
3551109553373570
357976652379232
3585839741182305
3599922292681710
36110661195956474
3625967156008709
36322738110509385
36401689161832477
3675308624690700
37260777124104530
37464982130305086
3758966176486019
3808314557084451
38246351168205376
3871292384756271
38973128194072985
40099224107628429
40210785139855015
40448837177180348
41218109154904764
4144471433608822
4162557330816307
41828998199086393
4202888939347042
42702008211664372
43113961189441677
438163125486326
4483587649977559
457257666629329
45730748190013165
4619484558504848
46416288118123076
464571291354841
4675805785402153
4700849531099668
4713853950884486
4728756183450097
47528730130302036
478227196042750
47849345165295943
48329901174621299
484698539302511
48938555118563058
49224647180407910
50006559150465155
5001330979085503
50014571178988278
5075356316566121
5142127206085466
53063490172759270
5318858710978884
533636213233375
53824237192501978
53837300138272042
54524573183207193
54543795101679613
54643963175081891
5508723459108571
55102218209821952
55542449158580255
5558458639524735
5593028453315162
56676327154787999
5681300149925625
56854170165153244
56930159168628907
571162582773129
5763508331306600
5770121211587146
5795491194207193
5800063247595057
58222430175280391
5864338017307905
58703296194197255
5898363257062410
59644096131825710
60232609173699392
60851035164462435
61647148205322240
6176962454225695
62163616168923197
62416504185893525
62432830201286045
62491046169211228
6262653086116434
6326172435402615
634196190032528
63935989156878460
64337514105141385
64345519117194501
64522791141639046
65081378137952117
6547188826700461
65516124193198338
6633352313198796
66546389146435468
67070256141072548
6742185960379702
6778478169280557
6813412213220101
68254106110727666
68257070213090596
6825920650153638
68899277111163150
6911236575041352
69414211169505452
69747799124920022
70138886163788387
70215001351267
70413333187654805
71055832144361004
7111235810225910
71898480208016040
7246095930595264
7296692443452118
72990723181773288
73217306123132502
73232664160658748
7331215572768482
73738755119374157
74577592104106586
7485821479753669
752930892266536
75387914189279439
7543653043525059
75567289191112039
75842816214481185
7611981289809249
76199591212655385
7656239724464679
7669153338841222
7682319991347229
7695297236865360
7698143425285206
77523877187189428
78026986123049651
7855555216013852
79197578144317932
79376379132868914
80326684899441
80599107103738466
80611167141629044
81031910126275164
810913166922484
81091470135265063
8126142532532604
82448968210511128
83034727103573700
8313139926300583
835704521750764
8409585462972514
84133515165177048
8481545099866909
850104221271283
85904591142596001
87012477120875722
87342599111176867
8760919795930088
87693228128699438
88960681204192702
89150284196809557
8968206663351549
90881747107819569
9115311735961929
91810857119110814
92055393128607360
9238219853212754
92986938175269298
93382613193471632
93922571105944376
94523139162337073
94977075194786589
95074133209723437
9530941396584628
95638921175035575
958687447945394
968299419395944
97184864103977346
97305838213564393
97684808164908969
9769190516994377
9784971155581421
97944271015587
9796493012969240
98202891135320415
98323565101041419
9870229482590359
98881899210477509
9920716477549680
9932356559664520
9975388579236356